localization/marker_mapping: 1680781345.5542312
manipulation/dh_gripper_ros/dh3_urdf: 1680776141.4860218
manipulation/dh_gripper_ros/dh_gripper_driver: 1680776164.1260226
manipulation/dh_gripper_ros/dh_gripper_msgs: 1680776151.646022
manipulation/dh_gripper_ros/dh_pgc140_urdf: 1680776168.7380228
manipulation/franka_ros/franka_ros: 1680779164.5021434
msgs/multimap_server_msgs: 1680779259.0381472
msgs/procedures_msgs: 1680779270.8141477
msgs/robot_local_control_msgs: 1680782088.006261
msgs/robot_simple_command_manager_msgs: 1680781255.7182276
msgs/robotnik_msgs: 1680781329.7982306
msgs/robotnik_navigation_msgs: 1680781488.366237
msgs/robotnik_signal_msgs: 1680782027.6022587
navigation/poi_manager/poi_manager_msgs: 1680781361.7102318
others/dynamixel-workbench/dynamixel_workbench_controllers: 1680778408.230113
others/dynamixel-workbench/dynamixel_workbench_toolbox: 1680778381.070112
others/dynamixel_workbench_ros_control/dynamixel_workbench_ros_control: 1680778431.3901138
others/rcomponent: 1680781383.5222328
others/robotnik_pad/robotnik_pad_msgs: 1680781932.914255
others/robotnik_signal_manager/robotnik_signal_leds_manager/robotnik_leds_msgs: 1680781265.426228
others/rosmon/rosmon: 1680782318.1102703
others/rosmon/rosmon_core: 1680782282.914269
others/rosmon/rosmon_msgs: 1680782197.0222654
others/rosmon/rqt_rosmon: 1680782309.83027
private/battery_manager/battery_estimation: 1680781405.4782336
private/battery_manager/charge_manager: 1680781419.810234
private/robot_local_control/procedures: 1680782328.7502708
private/robot_local_control/procedures_test_msgs: 1680781164.2702239
private/robot_local_control/robot_local_control: 1680782464.470276
private/robot_local_control/robot_local_control_bringup: 1680781229.6502266
private/robot_local_control/robot_local_control_components: 1680782611.0582821
private/robot_local_control/robot_local_control_dummy_components: 1680782665.2782843
private/robot_local_control/robot_local_control_procedures: 1680782435.630275
private/robot_local_control/robot_local_control_test: 1680781233.1902268
private/robot_local_control/service_shifter: 1680782323.4502707
private/robotnik_base_hw_lib: 1680781461.662236
private/robotnik_move_base/robotnik_move_base: 1680781270.4302282
private/robotnik_move_base/robotnik_move_base_flex: 1680781921.7982545
private/robotnik_move_base/robotnik_waypoints/robotnik_waypoints: 1680782116.1062622
private/robotnik_move_base/robotnik_waypoints/robotnik_waypoints_bringup: 1680782121.1942625
private/robotnik_move_base/robotnik_waypoints/robotnik_waypoints_exe: 1680782160.158264
private/robotnik_move_base/robotnik_waypoints/robotnik_waypoints_manager: 1680782185.562265
private/robotnik_move_base/robotnik_waypoints/robotnik_waypoints_msgs: 1680782138.350263
private/robotnik_navigation/robotnik_detection/image_filter: 1680779242.3381464
private/robotnik_navigation/robotnik_detection/robotnik_locator: 1680781847.8822515
private/robotnik_navigation/robotnik_docker: 1680781553.9862397
private/robotnik_navigation/robotnik_move: 1680781888.150253
private/robotnik_navigation/robotnik_pose_filter: 1680781965.3862562
private/robotnik_navigation/robotnik_safety_controller: 1680782013.1822581
private/robotnik_navigation/robotnik_velocity_limiter: 1680782109.1142619
project/rbkairos_darko_moveit: 1680781215.658226
project/rbkairos_darko_moveit_2: 1680781220.174226
project/rbkairos_darko_sim/rbkairos_darko_sim_bringup: 1680781224.9302263
web/xmlrpc_server: 1680782674.2782848
